d_layers = [
    1024,
    1024,
]
dropout = 0.28972793997281704
d_in = 145
d_out = 1
lr = 0.00024991842829494076
batch_size = 1992
weight_decay = 1.0081443091667757e-06
