d_layers = [
    512,
    1024,
]
dropout = 0.3137243786372722
d_in = 10
d_out = 1
lr = 0.0008649550163986903
batch_size = 2090
weight_decay = 0.0002497719778328545
