d_layers = [
    1024,
    256,
]
dropout = 0.35790617868020114
d_in = 73
d_out = 1
lr = 0.00010826239266876251
batch_size = 634
weight_decay = 4.257212870249642e-05
