d_layers = [
    1024,
    256,
]
dropout = 0.28648476085453844
d_in = 68
d_out = 1
lr = 0.00047581297126847487
batch_size = 2527
weight_decay = 1.0188314720756463e-06
