d_layers = [
    256,
    256,
]
dropout = 0.17744475450471398
d_in = 24
d_out = 4
lr = 0.004914645834634538
batch_size = 263
weight_decay = 2.6026466086317773e-05
