d_layers = [
    1024,
    1024,
]
dropout = 0.38018981352616926
d_in = 11
d_out = 1
lr = 0.0021803954538521996
batch_size = 3841
weight_decay = 3.3678358177638407e-06
