C = 0.09927946948569366
epsilon = 4.182615199882505e-05
