learning_rate = 0.003911594848601966
l2_leaf_reg = 6.215484621174907
depth = 9
bagging_temperature = 0.9268369033969546
leaf_estimation_iterations = 10
iterations = 3000
early_stopping_rounds = 50
od_pval = 0.001
