learning_rate = 0.06731825122408297
l2_leaf_reg = 1.5611932581870973
depth = 10
bagging_temperature = 0.6717358944493381
leaf_estimation_iterations = 5
iterations = 3000
early_stopping_rounds = 50
od_pval = 0.001
