learning_rate = 0.1021214724320923
l2_leaf_reg = 1.3018699153717193
depth = 10
bagging_temperature = 0.771039519807991
leaf_estimation_iterations = 8
iterations = 3000
early_stopping_rounds = 50
od_pval = 0.001
