learning_rate = 0.00378041535371372
l2_leaf_reg = 9.5162607903039
depth = 5
bagging_temperature = 0.36039403073013115
leaf_estimation_iterations = 1
iterations = 3000
early_stopping_rounds = 50
od_pval = 0.001
