learning_rate = 0.039610737085073615
l2_leaf_reg = 1.4535714042915124
depth = 3
bagging_temperature = 0.9430505331437677
leaf_estimation_iterations = 7
iterations = 3000
early_stopping_rounds = 50
od_pval = 0.001
