learning_rate = 0.01691743702882122
l2_leaf_reg = 3.4910337222312173
depth = 3
bagging_temperature = 0.9501664632545699
leaf_estimation_iterations = 7
iterations = 3000
early_stopping_rounds = 50
od_pval = 0.001
