max_iter = 111
C = 0.0905371091441299
tol = 0.00627697202853503
