max_iter = 490
C = 0.08012613760291967
tol = 6.447713705660718e-05
