max_iter = 296
C = 0.033799052786746324
tol = 0.03744625626061091
