max_iter = 284
C = 0.0949287215033665
tol = 7.37813228350509e-05
