max_iter = 258
C = 0.09492711346289333
tol = 0.0010622014651155663
