max_iter = 611
C = 0.05039489598671213
tol = 1.923730509654649e-05
