max_iter = 560
C = 0.06661240793701154
tol = 1.0070404071423204e-05
