eta = 0.09240359638651371
min_child_weight = 2
max_depth = 4
gamma = 0.8366150336357284
