eta = 0.10137855512475309
min_child_weight = 2
max_depth = 8
gamma = 0.6967637322879151
