eta = 0.05760304332272991
min_child_weight = 3
max_depth = 5
gamma = 0.4901170782592936
