eta = 0.0777322390779896
min_child_weight = 2
max_depth = 7
gamma = 0.3113615116258709
