eta = 0.19144627648010823
min_child_weight = 1
max_depth = 13
gamma = 0.08850644075630842
