eta = 0.04511797900378068
min_child_weight = 3
max_depth = 3
gamma = 0.33644553686428125
