eta = 0.16828865099571577
min_child_weight = 1
max_depth = 7
gamma = 0.5601421950919413
