eta = 0.08502399120102538
min_child_weight = 7
max_depth = 6
gamma = 0.07714847931096074
