eta = 0.1577345995425089
min_child_weight = 6
max_depth = 4
gamma = 0.03871102654983491
