eta = 0.16277357249145213
min_child_weight = 1
max_depth = 16
gamma = 0.1746304470454096
