eta = 0.1452615505450652
min_child_weight = 3
max_depth = 10
gamma = 0.19827104752734798
