eta = 0.025171246254030277
min_child_weight = 6
max_depth = 5
gamma = 0.979688348278185
