eta = 0.07438177918020039
min_child_weight = 9
max_depth = 20
gamma = 0.32252084281424603
